11111111111111111111111111111111111111111111111111111111111111111111111111111111111111111111111111111111
11111111111111111111111111111111111111111111111111111111111111111111111111111111111111111111111111111111
11111111111111111111111111111111111111111111111111111111111111111111111111111111111111111111111111111111
11111111111111111111111111111111111111111111111111111111111111111111111111111111111111111111111111111111
11111111111111111111111111111111111111111111111111111111111111111111111111111111111111111111111111111111
11111111111111111111111111111111111111111111111111111111111111111111111111111111111111111111111111111111
11111111111111111111111111111111111111111111111111111111111111111111111111111111111111111111111111111111
11111111111111111111111111111111111111111111111111111111111111111111111111111111111111111111111111111111
11111111111111111111111111111111111111111111111111111111111111111111111111111111111111111111111111111111
11111111111111111111111111111111111111111111111111111111111111111111111111111111111111111111111111111111
11111111111111111111111111111111111111111111111111111111111111111111111100001111111111111111111111111111
11111111111111111111111111111111111111111111111111111111111111111111111000000111110100011111111111111111
11111111111111111111111111111111111111111111111111111111111111111111100000000000000000000011111111111111
11111111111111111111111111111111111111111111111111111111111111111111000000000000000000000000111111111111
11111111111111111111111111111111111111111111111111111111111111111110000000000000000000000000111111111111
11111111111111111111111111111111111111111111111111111111111111111110000000000000000000000000111111111111
11111111111111111111111111111111111111111111111111111111111111111100000000000000000000000000111111111111
11111111111111111111111111111111111111111111111111111111111111111000000000000000000000000000111111111111
11111111111111111111111111111111111111111111111111111111111111110000000000000000000000000000111111111111
11111111111111111111111111111111111111111111111111111111111111100000000000000000000000000000111111111111
11111111111111111111111111111111111111111111111111111111111111000000000000000000000000000000011111111111
11111111111111111111111111111111111111111111111111111111111110000000000000000000000000000000011111111111
11111111111111111111111111111111111111111111111111111111111000000000000000000000000000000000011111111111
11111111111111111111111111111111111111111111111111111111111000000000000000000000000000000000011111111111
11111111111111111111111111111111111111111111111111111111110000000000000000000000000000000000111111111111
11111111111111111111111111111111111111111111111111111111100000000000000000000000000000000000111111111111
11111111111111111111111111111111111111111111111111111111100000000000000000000000000000000000111111111111
11111111111111111111111111111111111111111111111111111111100000000000000000000000000000000000011111111111
11111111111111111111111111111111111111111111111111111111000000000000000000000000000000000000111111111111
11111111111111111111111111111111111111111111111111111111000000000000000000000000000000000000111111111111
11111111111111111111111111111111111111111111111111111111000000000000000000000000000000000000111111111111
11111111111111111111111111111111111111111111111111111111000000000000000000000000000000000000111111111111
11111111111111111111111111111111111111111111111111111110000000000000000000000000000000000000111111111111
11111111111111111111111111111111111111111111111111111110000000000000000000000000000000000000111111111111
11111111111111111111111111111111111111111111111111111110000000000000000000000000000000000000111111111111
11111111111111111111111111111111111111111111111111111100000000000000000000000000000000000000111111111111
11111111111111111111111111111111111111111111111111111100000000000000000000000000000000000000111111111111
11111111111111111111111111111111111111111111111111111100000000000000000000000000000000000000111111111111
11111111111111111111111111111111111111111111111111111000000000000000000000000000000000000000111111111111
11111111111111111111111111111111111111111111111111111000000000000000000000000000000000000000111111111111
11111111111111111111111111111111111111111111111111111000000000000000000000000000000000000000111111111111
11111111111111111111111111111111111111111111111111110000000000000000000000000000000000000001111111111111
11111111111111111111111111111111111111111111111111110000000000000000000000000000000000000001111111111111
11111111111111111111111111111111111111111111111111110000000000000000000000000000000000000001111111111111
11111111111111111111111111111111111111111111111111110000000000000000000000000000000000000001111111111111
11111111111111111111111111111111111111111111111111110000000000000000000000000000000000000001111111111111
11111111111111111111111111111111111111111111111111100000000000000000000000000000000000000001111111111111
11111111111111111111111111111111111111111111111111100000000000000000000000000000000000000001111111111111
11111111111111111111111111111111111111111111111111100000000000000000000000000000000000000001111111111111
11111111111111111111111111111111111111111111111111100000000000000000000000000000000000000001111111111111
11111111111111111111111111111111111111111111111111000000000000000000000000000000000000000001111111111111
11111111111111111111111111111111111111111111111111000000000000000000000000000000000000000001111111111111
11111111111111111111111111111111111111111111111111000000000000000000000000000000000000000000111111111111
11111111111111111111111111111111111111111111111111000000000000000000000000000000000000000000111111111111
11111111111111111111111111111111111111111111111110000000000000000000000000000000000000000000011111111111
11111111111111111111111111111111111111111111111110000000000000000000000000000000000000000000011111111111
11111111111111111111111111111111111111111111111110000000000000000000000000000000000000000000011111111111
11111111111111111111111111111111111111111111111110000000000000000000000000000000000000000000011111111111
11111111111111111111111111111111111111111111111110000000000000000000000000000000000000000000001111111111
11111111111111111111111111111111111111111111111100000000000000000000000000000000000000000000001111111111
11111111111111111111111111111111111111111111111100000000000000000000000000000000000000000000001111111111
11111111111111111111111111111111111111111111111100000000000000000000000000000000000000000000001111111111
11111111111111111111111111111111111111111111111100000000000000000000000000000000000000000000001111111111
11111111111111111111111111111111111111111111111100000000000000000000000000000000000000000000001111111111
11111111111111111111111111111111111111111111111100000000000000000000000000000000000000000000001111111111
11111111111111111111111111111111111111111111111100000000000000000000000000000000000000000000001111111111
11111111111111111111111111111111111111111111111000000000000000000000000000000000000000000000011111111111
11111111111111111111111111111111111111111111111000000000000000000000000000000000000000000000011111111111
11111111111111111111111111111111111111111111111000000000000000000000000000000000000000000000011111111111
11111111111111111111111111111111111111111111111000000000000000000000000000000000000000000000011111111111
11111111111111111111111111111111111111111111111000000000000000000000000000000000000000000000111111111111
11111111111111111111111111111111111111111111111000000000000000000000000000000000000000000001111111111111
11111111111111111111111111111111111111111111111000000000000000000000000000000000000000000001111111111111
11111111111111111111111111111111111111111111111000000000000000000000000000000000000000000001111111111111
11111111111111111111111111111111111111111111111000000000000000000000000000000000000000000000111111111111
11111111111111111111111111111111111111111111111000000000000000000000000000000000000000000000111111111111
11111111111111111111111111111111111111111111111000000000000000000000000000000000000000000000111111111111
11111111111111111111111111111111111111111111111000000000000000000000000000000000000000000000111111111111
11111111111111111111111111111111111111111111111000000000000000000000000000000000000000000000111111111111
11111111111111111111111111111111111111111111111000000000000000000000000000000000000000000001111111111111
11111111111111111111111111111111111111111111111000000000000000000000000000000000000000000000111111111111
11111111111111111111111111111111111111111111111000000000000000000000000000000000000000000000111111111111
11111111111111111111111111111111111111111111111000000000000000000000000000000000000000000001111111111111
11111111111111111111111111111111111111111111111000000000000000000000000000000000000000000001111111111111
11111111111111111111111111111111111111111111111100000000000000000000000000000000000000000000111111111111
11111111111111111111111111111111111111111111111100000000000000000000000000000000000000000001111111111111
11111111111111111111111111111111111111111111111100000000000000000000000000000000000000000001111111111111
11111111111111111111111111111111111111111111111100000000000000000000000000000000000000000001111111111111
11111111111111111111111111111111111111111111111100000000000000000000000000000000000000000001111111111111
11111111111111111111111111111111111111111111111000000000000000000000000000000000000000000001111111111111
11111111111111111111111111111111111111111111111000000000000000000000000000000000000000000001111111111111
11111111111111111111111111111111111111111111111000000000000000000000000000000000000000000001111111111111
11111111111111111111111111111111111111111111110000000000000000000000000000000000000000000001111111111111
11111111111111111111111111111111111111111111110000000000000000000000000000000000000000000001111111111111
11111111111111111111111111111111111111111111100000000000000000000000000000000000000000000001111111111111
11111111111111111111111111111111111111111111100000000000000000000000000000000000000000000001111111111111
11111111111111111111111111111111111111111111000000000000000000000000000000000000000000000001111111111111
11111111111111111111111111111111111111111110000000000000000000000000000000000000000000000001111111111111
11111111111111111111111111111111111111111100000000000000000000000000000000000000000000000001111111111111
11111111111111111111111111111111111111111000000000000000000000000000000000000000000000000001111111111111
11111111111111111111111111111111111111110000000000000000000000000000000000000000000000000001111111111111
11111111111111111111111111111111111111110000000000000000000000000000000000000000000000000001111111111111
11111111111111111111111111111111111111100000000000000000000000000000000000000000000000000001111111111111
11111111111111111111111111111111111111100000000000000000000000000000000000000000000000000001111111111111
11111111111111111111111111111111111111000000000000000000000000000000000000000000000000000001111111111111
11111111111111111111111111111111111111000000000000000000000000000000000000000000000000000001111111111111
11111111111111111111111111111111111110000000000000000000000000000000000000000000000000000001111111111111
11111111111111111111111111111111111110000000000000000000000000000000000000000000000000000001111111111111
11111111111111111111111111111111111100000000000000000000000000000000000000000000000000000001111111111111
11111111111111111111111111111111111100000000000000000000000000000000000000000000000000000001111111111111
11111111111111111111111111111111111000000000000000000000000000000000000000000000000000000001111111111111
11111111111111111111111111111111111000000000000000000000000000000000000000000000000000000001111111111111
11111111111111111111111111111111111000000000000000000000000000000000000000000000000000000001111111111111
11111111111111111111111111111111110000000000000000000000000000000000000000000000000000000001111111111111
11111111111111111111111111111111110000000000000000000000000000000000000000000000000000000001111111111111
11111111111111111111111111111111110000000000000000000000000000000000000000000000000000000001111111111111
11111111111111111111111111111111110000000000000000000000000000000000000000000000000000000001111111111111
11111111111111111111111111111111110000000000000000000000000000000000000000000000000000000001111111111111
11111111111111111111111111111111100000000000000000000000000000000000000000000000000000000001111111111111
11111111111111111111111111111111100000000000000000000000000000000000000000000000000000000001111111111111
11111111111111111111111111111111100000000000000000000000000000000000000000000000000000000001111111111111
11111111111111111111111111111111100000000000000000000000000000000000000000000000000000000001111111111111
11111111111111111111111111111111000000000000000000000000000000000000000000000000000000000001111111111111
11111111111111111111111111111111000000000000000000000000000000000000000000000000000000000001111111111111
11111111111111111111111111111111000000000000000000000000000000000000000000000000000000000001111111111111
11111111111111111111111111111111000000000000000000000000000000000000000000000000000000000001111111111111
11111111111111111111111111111111000000000000000000000000000000000000000000000000000000000001111111111111
11111111111111111111111111111110000000000000000000000000000000000000000000000000000000000001111111111111
11111111111111111111111111111110000000000000000000000000000000000000000000000000000000000001111111111111
11111111111111111111111111111110000000000000000000000000000000000000000000000000000000000001111111111111
11111111111111111111111111111110000000000000000000000000000000000000000000000000000000000001111111111111
11111111111111111111111111111110000000000000000000000000000000000000000000000000000000000001111111111111
11111111111111111111111111111100000000000000000000000000000000000000000000000000000000000001111111111111
11111111111111111111111111111100000000000000000000000000000000000000000000000000000000000001111111111111
11111111111111111111111111111100000000000000000000000000000000000000000000000000000000000001111111111111
11111111111111111111111111111100000000000000000000000000000000000000000000000000000000000001111111111111
11111111111111111111111111111000000000000000000000000000000000000000000000000000000000000001111111111111
11111111111111111111111111111000000000000000000000000000000000000000000000000000000000000001111111111111
11111111111111111111111111111000000000000000000000000000000000000000000000000000000000000001111111111111
11111111111111111111111111111000000000000000000000000000000000000000000000000000000000000001111111111111
11111111111111111111111111111000000000000000000000000000000000000000000000000000000000000001111111111111
11111111111111111111111111111000000000000000000000000000000000000000000000000000000000000001111111111111
11111111111111111111111111110000000000000000000000000000000000000000000000000000000000000001111111111111
11111111111111111111111111110000000000000000000000000000000000000000000000000000000000000001111111111111
11111111111111111111111111110000000000000000000000000000000000000000000000000000000000000001111111111111
11111111111111111111111111110000000000000000000000000000000000000000000000000000000000000001111111111111
11111111111111111111111111110000000000000000000000000000000000000000000000000000000000000001111111111111
11111111111111111111111111110000000000000000000000000000000000000000000000000000000000000001111111111111
11111111111111111111111111110000000000000000000000000000000000000000000000000000000000000001111111111111
11111111111111111111111111110000000000000000000000000000000000000000000000000000000000000001111111111111
11111111111111111111111111111000000000000000000000000000000000000000000000000000000000000001111111111111
11111111111111111111111111111000000000000000000000000000000000000000000000000000000000000001111111111111
11111111111111111111111111111000000000000000000000000000000000000000000000000000000000000001111111111111
11111111111111111111111111111000000000000000000000000000000000000000000000000000000000000001111111111111
11111111111111111111111111111000000000000000000000000000000000000000000000000000000000000001111111111111
11111111111111111111111111111000000000000000000000000000000000000000000000000000000000000001111111111111
11111111111111111111111111111000000000000000000000000000000000000000000000000000000000000001111111111111
11111111111111111111111111111000000000000000000000000000000000000000000000000000000000000001111111111111
11111111111111111111111111111000000000000000000000000000000000000000000000000000000000000001111111111111
11111111111111111111111111111000000000000000000000000000000000000000000000000000000000000001111111111111
11111111111111111111111111111000000000000000000000000000000000000000000000000000000000000001111111111111
11111111111111111111111111111000000000000000000000000000000000000000000000000000000000000001111111111111
11111111111111111111111111111000000000000000000000000000000000000000000000000000000000000001111111111111
11111111111111111111111111111000000000000000000000000000000000000000000000000000000000000001111111111111
11111111111111111111111111111100000000000000000000000000000000000000000000000000000000000001111111111111
11111111111111111111111111111100000000000000000000000000000000000000000000000000000000000001111111111111
11111111111111111111111111111100000000000000000000000000000000000000000000000000000000000001111111111111
11111111111111111111111111111100000000000000000000000000000000000000000000000000000000000001111111111111
11111111111111111111111111111100000000000000000000000000000000000000000000000000000000000001111111111111
11111111111111111111111111111100000000000000000000000000000000000000000000000000000000000001111111111111
11111111111111111111111111111100000000000000000000000000000000000000000000000000000000000001111111111111
11111111111111111111111111111100000000000000000000000000000000000000000000000000000000000001111111111111
11111111111111111111111111111100000000000000000000000000000000000000000000000000000000000001111111111111
11111111111111111111111111111110000000000000000000000000000000000000000000000000000000000001111111111111
11111111111111111111111111111110000000000000000000000000000000000000000000000000000000000001111111111111
11111111111111111111111111111110000000000000000000000000000000000000000000000000000000000001111111111111
11111111111111111111111111111110000000000000000000000000000000000000000000000000000000000001111111111111
11111111111111111111111111111111000000000000000000000000000000000000000000000000000000000001111111111111
11111111111111111111111111111111000000000000000000000000000000000000000000000000000000000001111111111111
11111111111111111111111111111111000000000000000000000000000000000000000000000000000000000001111111111111
11111111111111111111111111111111000000000000000000000000000000000000000000000000000000000001111111111111
11111111111111111111111111111111000000000000000000000000000000000000000000000000000000000001111111111111
11111111111111111111111111111111000000000000000000000000000000000000000000000000000000000001111111111111
11111111111111111111111111111111100000000000000000000000000000000000000000000000000000000001111111111111
11111111111111111111111111111111100000000000000000000000000000000000000000000000000000000001111111111111
11111111111111111111111111111111100000000000000000000000000000000000000000000000000000000001111111111111
11111111111111111111111111111111110000000000000000000000000000000000000000000000000000000001111111111111
11111111111111111111111111111111110000000000000000000000000000000000000000000000000000000001111111111111
11111111111111111111111111111111110000000000000000000000000000000000000000000000000000000001111111111111
11111111111111111111111111111111110000000000000000000000000000000000000000000000000000000001111111111111
11111111111111111111111111111111110000000000000000000000000000000000000000000000000000000001111111111111
11111111111111111111111111111111111000000000000000000000000000000000000000000000000000000001111111111111
11111111111111111111111111111111111000000000000000000000000000000000000000000000000000000000111111111111
11111111111111111111111111111111111000000000000000000000000000000000000000000000000000000000111111111111
11111111111111111111111111111111111100000000000000000000000000000000000000000000000000000000011111111111
11111111111111111111111111111111111100000000000000000000000000000000000000000000000000000000011111111111
11111111111111111111111111111111111100000000000000000000000000000000000000000000000000000000011111111111
11111111111111111111111111111111111110000000000000000000000000000000000000000000000000000000001111111111
11111111111111111111111111111111111110000000000000000000000000000000000000000000000000000000001111111111
11111111111111111111111111111111111111000000000000000000000000000000000000000000000000000000001111111111
11111111111111111111111111111111111111000000000000000000000000000000000000000000000000000000001111111111
11111111111111111111111111111111111111100000000000000000000000000000000000000000000000000000001111111111
11111111111111111111111111111111111111100000000000000000000000000000000000000000000000000000001111111111
11111111111111111111111111111111111111100000000000000000000000000000000000000000000000000000001111111111
11111111111111111111111111111111111111110000000000000000000000000000000000000000000000000000001111111111
11111111111111111111111111111111111111110000000000000000000000000000000000000000000000000000001111111111
11111111111111111111111111111111111111111000000000000000000000000000000000000000000000000000001111111111
11111111111111111111111111111111111111111000000000000000000000000000000000000000000000000000001111111111
11111111111111111111111111111111111111111100000000000000000000000000000000000000000000000000001111111111
11111111111111111111111111111111111111111110000000000000000000000000000000000000000000000000011111111111
11111111111111111111111111111111111111111110000000000000000000000000000000000000000000000000011111111111
11111111111111111111111111111111111111111111000000000000000000000000000000000000000000000000011111111111
11111111111111111111111111111111111111111111100000000000000000000000000000000000000000000000111111111111
11111111111111111111111111111111111111111111100000000000000000000000000000000000000000000000111111111111
11111111111111111111111111111111111111111111110000000000000000000000000000000000000000000001111111111111
11111111111111111111111111111111111111111111110000000000000000000000000000000000000000000000111111111111
11111111111111111111111111111111111111111111111000000000000000000000000000000000000000000001111111111111
11111111111111111111111111111111111111111111111000000000000000000000000000000000000000000001111111111111
11111111111111111111111111111111111111111111111100000000000000000000000000000000000000000001111111111111
11111111111111111111111111111111111111111111111100000000000000000000000000000000000000000001111111111111
11111111111111111111111111111111111111111111111100000000000000000000000000000000000000000001111111111111
11111111111111111111111111111111111111111111111100000000000000000000000000000000000000000001111111111111
11111111111111111111111111111111111111111111111001100000000000000000000000000000000000000001111111111111
11111111111111111111111111111111111111111111111101110000000000000000000000000000000000000001111111111111
11111111111111111111111111111111111111111111111101110000000000000000000000000000000000000011111111111111
11111111111111111111111111111111111111111111111101111000000000000000000000000000000000111111111111111111
11111111111111111111111111111111111111111111111100111000000000000000000000000000000001111111111111111111
11111111111111111111111111111111111111111111111100111000000000000000000000000000011111111111111111111111
11111111111111111111111111111111111111111111111100111000000000000000000000000000111111111111111111111111
11111111111111111111111111111111111111111111111100111000000000000000000000000111111111111111111111111111
11111111111111111111111111111111111111111111111000110000000000000000000000001111111111111111111111111111
11111111111111111111111111111111111111111111111011110000000000000000000000111111111111111111111111111111
11111111111111111111111111111111111111111111111111111000000000000000000001111111111111111111111111111111
11111111111111111111111111111111111111111111111111111000000000000000000011111111111111111111111111111111
11111111111111111111111111111111111111111111111111110000000000000000011111111111111111111111111111111111
11111111111111111111111111111111111111111111111111111000011111111111111111111111111111111111111111111111
11111111111111111111111111111111111111111111111111111111111111111111111111111111111111111111111111111111
11111111111111111111111111111111111111111111111111111111111111111111111111111111111111111111111111111111
11111111111111111111111111111111111111111111111111111111111111111111111111111111111111111111111111111111
11111111111111111111111111111111111111111111111111111111111111111111111111111111111111111111111111111111
11111111111111111111111111111111111111111111111111111111111111111111111111111111111111111111111111111111
11111111111111111111111111111111111111111111111111111111111111111111111111111111111111111111111111111111
11111111111111111111111111111111111111111111111111111111111111111111111111111111111111111111111111111111
11111111111111111111111111111111111111111111111111111111111111111111111111111111111111111111111111111111
11111111111111111111111111111111111111111111111111111111111111111111111111111111111111111111111111111111
