1111111111111111111111111111111111111111111
1111111111111111111111111111111111111111111
1111111111111111111111111111111111111111111
1111111111111111111111111111111111111111111
1111111111111111111111111111111111111111111
1111111111111111111111111111110000000011111
1111111111111111111111111111100000000001111
1111111111111111111111111111000000000000111
1111111111111111111111111110000000000000111
1111111111111111111111111100000000000000111
1111111111111111111111111000000000000000111
1111111111111111111111111000000000000000111
1111111111111111111111111000000000000000111
1111111111111111111111110000000000000001111
1111111111111111111111110000000000000001111
1111111111111111111111110000000000000001111
1111111111111111111111100000000000000001111
1111111111111111111111100000000000000001111
1111111111111111111111100000000000000001111
1111111111111111111111100000000000000001111
1111111111111111111111000000000000000001111
1111111111111111111111000000000000000001111
1111111111111111111111000000000000000001111
1111111111111111111111000000000000000000111
1111111111111111111110000000000000000000111
1111111111111111111110000000000000000000111
1111111111111111111110000000000000000000111
1111111111111111111110000000000000000000111
1111111111111111111110000000000000000000111
1111111111111111111110000000000000000000111
1111111111111111111110000000000000000001111
1111111111111111111110000000000000000001111
1111111111111111111110000000000000000001111
1111111111111111111110000000000000000001111
1111111111111111111110000000000000000001111
1111111111111111111110000000000000000001111
1111111111111111111110000000000000000001111
1111111111111111111110000000000000000001111
1111111111111111111110000000000000000001111
1111111111111111111100000000000000000001111
1111111111111111111100000000000000000001111
1111111111111111111000000000000000000001111
1111111111111111110000000000000000000001111
1111111111111111110000000000000000000001111
1111111111111111100000000000000000000001111
1111111111111111000000000000000000000001111
1111111111111111000000000000000000000001111
1111111111111110000000000000000000000001111
1111111111111110000000000000000000000001111
1111111111111110000000000000000000000001111
1111111111111110000000000000000000000001111
1111111111111110000000000000000000000001111
1111111111111100000000000000000000000001111
1111111111111100000000000000000000000001111
1111111111111100000000000000000000000001111
1111111111111100000000000000000000000001111
1111111111111100000000000000000000000001111
1111111111111000000000000000000000000001111
1111111111111000000000000000000000000001111
1111111111111000000000000000000000000001111
1111111111111000000000000000000000000001111
1111111111111000000000000000000000000001111
1111111111111000000000000000000000000001111
1111111111111000000000000000000000000001111
1111111111111000000000000000000000000001111
1111111111111000000000000000000000000001111
1111111111111000000000000000000000000001111
1111111111111000000000000000000000000001111
1111111111111000000000000000000000000001111
1111111111111000000000000000000000000001111
1111111111111000000000000000000000000001111
1111111111111000000000000000000000000001111
1111111111111000000000000000000000000001111
1111111111111100000000000000000000000001111
1111111111111100000000000000000000000001111
1111111111111100000000000000000000000001111
1111111111111100000000000000000000000001111
1111111111111100000000000000000000000001111
1111111111111110000000000000000000000001111
1111111111111110000000000000000000000001111
1111111111111110000000000000000000000001111
1111111111111110000000000000000000000001111
1111111111111111000000000000000000000001111
1111111111111111000000000000000000000000111
1111111111111111000000000000000000000000111
1111111111111111100000000000000000000000111
1111111111111111100000000000000000000000111
1111111111111111110000000000000000000000111
1111111111111111110000000000000000000000111
1111111111111111111000000000000000000000111
1111111111111111111100000000000000000001111
1111111111111111111100000000000000000001111
1111111111111111111110000000000000000001111
1111111111111111111110000000000000000001111
1111111111111111111110000000000000000001111
1111111111111111111111100000000000000011111
1111111111111111111111100000000000001111111
1111111111111111111110100000000000111111111
1111111111111111111111100000000011111111111
1111111111111111111111100000000111111111111
1111111111111111111111111111111111111111111
1111111111111111111111111111111111111111111
1111111111111111111111111111111111111111111
1111111111111111111111111111111111111111111
