111111111111111111111111111111111111111111111111111111111111111111111111111111111111111111111111111111111111111111111111111111111111111111111111111111
111111111111111111111111111111111111111111111111111111111111111111111111111111111111111111111111111111111111111111111111111111111111111111111111111111
111111111111111111111111111111111111111111111111111111111111111111111111111111111111111111111111111111111111111111111111111111111111111111111111111111
111111111111111111111111111111111111111111111111111111111111111111111111111111111111111111111111111111111111111111111111111111111111111111111111111111
111111111111111111111111111111111111111111111111111111111111111111111111111111111111111111111111111111111111111111111111111111111111111111111111111111
111111111111111111111111111111111111111111111111111111111111111111111111111111111111111111111111111111111111111111111111111111111111111111111111111111
111111111111111111111111111111111111111111111111111111111111111111111111111111111111111111111111111111111111111111111111111111111111111111111111111111
111111111111111111111111111111111111111111111111111111111111111111111111111111111111111111111111111111111111111111111111111111111111111111111111111111
111111111111111111111111111111111111111111111111111111111111111111111111111111111111111111111111111111111111111111111111111111111111111111111111111111
111111111111111111111111111111111111111111111111111111111111111111111111111111111111111111111111111111111111111111111111111111111111111111111111111111
111111111111111111111111111111111111111111111111111111111111111111111111111111111111111111111111111111111111111111111111111111111111111111111111111111
111111111111111111111111111111111111111111111111111111111111111111111111111111111111111111111111111111111111111111111111111111111111111111111111111111
111111111111111111111111111111111111111111111111111111111111111111111111111111111111111111111111111111111111111111111111111111111111111111111111111111
111111111111111111111111111111111111111111111111111111111111111111111111111111111111111111111111111111111111111111111111111111111111111111111111111111
111111111111111111111111111111111111111111111111111111111111111111111111111111111111111111111111111111100000111111111111111111111111111111111111111111
111111111111111111111111111111111111111111111111111111111111111111111111111111111111111111111111111111000000011111111111111111111111111111111111111111
111111111111111111111111111111111111111111111111111111111111111111111111111111111111111111111111111100000000001111000000000000111111111111111111111111
111111111111111111111111111111111111111111111111111111111111111111111111111111111111111111111111111000000000000100000000000000000111111111111111111111
111111111111111111111111111111111111111111111111111111111111111111111111111111111111111111111111100000000000000000000000000000000000111111111111111111
111111111111111111111111111111111111111111111111111111111111111111111111111111111111111111111111000000000000000000000000000000000000111111111111111111
111111111111111111111111111111111111111111111111111111111111111111111111111111111111111111111110000000000000000000000000000000000001111111111111111111
111111111111111111111111111111111111111111111111111111111111111111111111111111111111111111111110000000000000000000000000000000000000111111111111111111
111111111111111111111111111111111111111111111111111111111111111111111111111111111111111111111110000000000000000000000000000000000000111111111111111111
111111111111111111111111111111111111111111111111111111111111111111111111111111111111111111111100000000000000000000000000000000000000111111111111111111
111111111111111111111111111111111111111111111111111111111111111111111111111111111111111111110000000000000000000000000000000000000000111111111111111111
111111111111111111111111111111111111111111111111111111111111111111111111111111111111111111100000000000000000000000000000000000000000111111111111111111
111111111111111111111111111111111111111111111111111111111111111111111111111111111111111111100000000000000000000000000000000000000000111111111111111111
111111111111111111111111111111111111111111111111111111111111111111111111111111111111111111000000000000000000000000000000000000000000111111111111111111
111111111111111111111111111111111111111111111111111111111111111111111111111111111111111110000000000000000000000000000000000000000000111111111111111111
111111111111111111111111111111111111111111111111111111111111111111111111111111111111111100000000000000000000000000000000000000000000111111111111111111
111111111111111111111111111111111111111111111111111111111111111111111111111111111111110000000000000000000000000000000000000000000000111111111111111111
111111111111111111111111111111111111111111111111111111111111111111111111111111111111100000000000000000000000000000000000000000000000111111111111111111
111111111111111111111111111111111111111111111111111111111111111111111111111111111111000000000000000000000000000000000000000000000000111111111111111111
111111111111111111111111111111111111111111111111111111111111111111111111111111111111000000000000000000000000000000000000000000000000111111111111111111
111111111111111111111111111111111111111111111111111111111111111111111111111111111110000000000000000000000000000000000000000000000000111111111111111111
111111111111111111111111111111111111111111111111111111111111111111111111111111111100000000000000000000000000000000000000000000000000111111111111111111
111111111111111111111111111111111111111111111111111111111111111111111111111111111100000000000000000000000000000000000000000000000000111111111111111111
111111111111111111111111111111111111111111111111111111111111111111111111111111111000000000000000000000000000000000000000000000000000111111111111111111
111111111111111111111111111111111111111111111111111111111111111111111111111111111000000000000000000000000000000000000000000000000000111111111111111111
111111111111111111111111111111111111111111111111111111111111111111111111111111111000000000000000000000000000000000000000000000000000111111111111111111
111111111111111111111111111111111111111111111111111111111111111111111111111111110000000000000000000000000000000000000000000000000000111111111111111111
111111111111111111111111111111111111111111111111111111111111111111111111111111110000000000000000000000000000000000000000000000000000111111111111111111
111111111111111111111111111111111111111111111111111111111111111111111111111111110000000000000000000000000000000000000000000000000000111111111111111111
111111111111111111111111111111111111111111111111111111111111111111111111111111110000000000000000000000000000000000000000000000000000111111111111111111
111111111111111111111111111111111111111111111111111111111111111111111111111111100000000000000000000000000000000000000000000000000000111111111111111111
111111111111111111111111111111111111111111111111111111111111111111111111111111100000000000000000000000000000000000000000000000000001111111111111111111
111111111111111111111111111111111111111111111111111111111111111111111111111111000000000000000000000000000000000000000000000000000001111111111111111111
111111111111111111111111111111111111111111111111111111111111111111111111111111000000000000000000000000000000000000000000000000000001111111111111111111
111111111111111111111111111111111111111111111111111111111111111111111111111111000000000000000000000000000000000000000000000000000001111111111111111111
111111111111111111111111111111111111111111111111111111111111111111111111111111000000000000000000000000000000000000000000000000000001111111111111111111
111111111111111111111111111111111111111111111111111111111111111111111111111110000000000000000000000000000000000000000000000000000001111111111111111111
111111111111111111111111111111111111111111111111111111111111111111111111111110000000000000000000000000000000000000000000000000000000111111111111111111
111111111111111111111111111111111111111111111111111111111111111111111111111110000000000000000000000000000000000000000000000000000000111111111111111111
111111111111111111111111111111111111111111111111111111111111111111111111111100000000000000000000000000000000000000000000000000000000111111111111111111
111111111111111111111111111111111111111111111111111111111111111111111111111100000000000000000000000000000000000000000000000000000000111111111111111111
111111111111111111111111111111111111111111111111111111111111111111111111111100000000000000000000000000000000000000000000000000000000111111111111111111
111111111111111111111111111111111111111111111111111111111111111111111111111000000000000000000000000000000000000000000000000000000000111111111111111111
111111111111111111111111111111111111111111111111111111111111111111111111111000000000000000000000000000000000000000000000000000000001111111111111111111
111111111111111111111111111111111111111111111111111111111111111111111111111000000000000000000000000000000000000000000000000000000001111111111111111111
111111111111111111111111111111111111111111111111111111111111111111111111111000000000000000000000000000000000000000000000000000000001111111111111111111
111111111111111111111111111111111111111111111111111111111111111111111111110000000000000000000000000000000000000000000000000000000001111111111111111111
111111111111111111111111111111111111111111111111111111111111111111111111110000000000000000000000000000000000000000000000000000000001111111111111111111
111111111111111111111111111111111111111111111111111111111111111111111111110000000000000000000000000000000000000000000000000000000011111111111111111111
111111111111111111111111111111111111111111111111111111111111111111111111110000000000000000000000000000000000000000000000000000000011111111111111111111
111111111111111111111111111111111111111111111111111111111111111111111111100000000000000000000000000000000000000000000000000000000011111111111111111111
111111111111111111111111111111111111111111111111111111111111111111111111100000000000000000000000000000000000000000000000000000000011111111111111111111
111111111111111111111111111111111111111111111111111111111111111111111111100000000000000000000000000000000000000000000000000000000011111111111111111111
111111111111111111111111111111111111111111111111111111111111111111111111100000000000000000000000000000000000000000000000000000000011111111111111111111
111111111111111111111111111111111111111111111111111111111111111111111111000000000000000000000000000000000000000000000000000000000011111111111111111111
111111111111111111111111111111111111111111111111111111111111111111111111000000000000000000000000000000000000000000000000000000000011111111111111111111
111111111111111111111111111111111111111111111111111111111111111111111111000000000000000000000000000000000000000000000000000000000011111111111111111111
111111111111111111111111111111111111111111111111111111111111111111111111000000000000000000000000000000000000000000000000000000000011111111111111111111
111111111111111111111111111111111111111111111111111111111111111111111111000000000000000000000000000000000000000000000000000000000011111111111111111111
111111111111111111111111111111111111111111111111111111111111111111111110000000000000000000000000000000000000000000000000000000000011111111111111111111
111111111111111111111111111111111111111111111111111111111111111111111110000000000000000000000000000000000000000000000000000000000001111111111111111111
111111111111111111111111111111111111111111111111111111111111111111111110000000000000000000000000000000000000000000000000000000000001111111111111111111
111111111111111111111111111111111111111111111111111111111111111111111110000000000000000000000000000000000000000000000000000000000000111111111111111111
111111111111111111111111111111111111111111111111111111111111111111111100000000000000000000000000000000000000000000000000000000000000011111111111111111
111111111111111111111111111111111111111111111111111111111111111111111100000000000000000000000000000000000000000000000000000000000000011111111111111111
111111111111111111111111111111111111111111111111111111111111111111111100000000000000000000000000000000000000000000000000000000000000011111111111111111
111111111111111111111111111111111111111111111111111111111111111111111100000000000000000000000000000000000000000000000000000000000000011111111111111111
111111111111111111111111111111111111111111111111111111111111111111111100000000000000000000000000000000000000000000000000000000000000001111111111111111
111111111111111111111111111111111111111111111111111111111111111111111000000000000000000000000000000000000000000000000000000000000000001111111111111111
111111111111111111111111111111111111111111111111111111111111111111111000000000000000000000000000000000000000000000000000000000000000001111111111111111
111111111111111111111111111111111111111111111111111111111111111111111000000000000000000000000000000000000000000000000000000000000000001111111111111111
111111111111111111111111111111111111111111111111111111111111111111111000000000000000000000000000000000000000000000000000000000000000001111111111111111
111111111111111111111111111111111111111111111111111111111111111111111000000000000000000000000000000000000000000000000000000000000000001111111111111111
111111111111111111111111111111111111111111111111111111111111111111111000000000000000000000000000000000000000000000000000000000000000001111111111111111
111111111111111111111111111111111111111111111111111111111111111111110000000000000000000000000000000000000000000000000000000000000000001111111111111111
111111111111111111111111111111111111111111111111111111111111111111110000000000000000000000000000000000000000000000000000000000000000001111111111111111
111111111111111111111111111111111111111111111111111111111111111111110000000000000000000000000000000000000000000000000000000000000000001111111111111111
111111111111111111111111111111111111111111111111111111111111111111110000000000000000000000000000000000000000000000000000000000000000001111111111111111
111111111111111111111111111111111111111111111111111111111111111111110000000000000000000000000000000000000000000000000000000000000000001111111111111111
111111111111111111111111111111111111111111111111111111111111111111110000000000000000000000000000000000000000000000000000000000000000001111111111111111
111111111111111111111111111111111111111111111111111111111111111111110000000000000000000000000000000000000000000000000000000000000000001111111111111111
111111111111111111111111111111111111111111111111111111111111111111100000000000000000000000000000000000000000000000000000000000000000011111111111111111
111111111111111111111111111111111111111111111111111111111111111111100000000000000000000000000000000000000000000000000000000000000000011111111111111111
111111111111111111111111111111111111111111111111111111111111111111100000000000000000000000000000000000000000000000000000000000000000011111111111111111
111111111111111111111111111111111111111111111111111111111111111111100000000000000000000000000000000000000000000000000000000000000000111111111111111111
111111111111111111111111111111111111111111111111111111111111111111100000000000000000000000000000000000000000000000000000000000000000111111111111111111
111111111111111111111111111111111111111111111111111111111111111111100000000000000000000000000000000000000000000000000000000000000000111111111111111111
111111111111111111111111111111111111111111111111111111111111111111100000000000000000000000000000000000000000000000000000000000000001111111111111111111
111111111111111111111111111111111111111111111111111111111111111111100000000000000000000000000000000000000000000000000000000000000011111111111111111111
111111111111111111111111111111111111111111111111111111111111111111100000000000000000000000000000000000000000000000000000000000000011111111111111111111
111111111111111111111111111111111111111111111111111111111111111111100000000000000000000000000000000000000000000000000000000000000011111111111111111111
111111111111111111111111111111111111111111111111111111111111111111100000000000000000000000000000000000000000000000000000000000000001111111111111111111
111111111111111111111111111111111111111111111111111111111111111111100000000000000000000000000000000000000000000000000000000000000001111111111111111111
111111111111111111111111111111111111111111111111111111111111111111100000000000000000000000000000000000000000000000000000000000000001111111111111111111
111111111111111111111111111111111111111111111111111111111111111111100000000000000000000000000000000000000000000000000000000000000001111111111111111111
111111111111111111111111111111111111111111111111111111111111111111100000000000000000000000000000000000000000000000000000000000000001111111111111111111
111111111111111111111111111111111111111111111111111111111111111111100000000000000000000000000000000000000000000000000000000000000001111111111111111111
111111111111111111111111111111111111111111111111111111111111111111100000000000000000000000000000000000000000000000000000000000000001111111111111111111
111111111111111111111111111111111111111111111111111111111111111111100000000000000000000000000000000000000000000000000000000000000001111111111111111111
111111111111111111111111111111111111111111111111111111111111111111100000000000000000000000000000000000000000000000000000000000000001111111111111111111
111111111111111111111111111111111111111111111111111111111111111111100000000000000000000000000000000000000000000000000000000000000001111111111111111111
111111111111111111111111111111111111111111111111111111111111111111100000000000000000000000000000000000000000000000000000000000000001111111111111111111
111111111111111111111111111111111111111111111111111111111111111111100000000000000000000000000000000000000000000000000000000000000001111111111111111111
111111111111111111111111111111111111111111111111111111111111111111110000000000000000000000000000000000000000000000000000000000000001111111111111111111
111111111111111111111111111111111111111111111111111111111111111111100000000000000000000000000000000000000000000000000000000000000011111111111111111111
111111111111111111111111111111111111111111111111111111111111111111100000000000000000000000000000000000000000000000000000000000000001111111111111111111
111111111111111111111111111111111111111111111111111111111111111111110000000000000000000000000000000000000000000000000000000000000001111111111111111111
111111111111111111111111111111111111111111111111111111111111111111110000000000000000000000000000000000000000000000000000000000000001111111111111111111
111111111111111111111111111111111111111111111111111111111111111111110000000000000000000000000000000000000000000000000000000000000001111111111111111111
111111111111111111111111111111111111111111111111111111111111111111110000000000000000000000000000000000000000000000000000000000000001111111111111111111
111111111111111111111111111111111111111111111111111111111111111111110000000000000000000000000000000000000000000000000000000000000001111111111111111111
111111111111111111111111111111111111111111111111111111111111111111110000000000000000000000000000000000000000000000000000000000000001111111111111111111
111111111111111111111111111111111111111111111111111111111111111111110000000000000000000000000000000000000000000000000000000000000001111111111111111111
111111111111111111111111111111111111111111111111111111111111111111110000000000000000000000000000000000000000000000000000000000000001111111111111111111
111111111111111111111111111111111111111111111111111111111111111111100000000000000000000000000000000000000000000000000000000000000001111111111111111111
111111111111111111111111111111111111111111111111111111111111111111100000000000000000000000000000000000000000000000000000000000000001111111111111111111
111111111111111111111111111111111111111111111111111111111111111111100000000000000000000000000000000000000000000000000000000000000011111111111111111111
111111111111111111111111111111111111111111111111111111111111111111000000000000000000000000000000000000000000000000000000000000000001111111111111111111
111111111111111111111111111111111111111111111111111111111111111111000000000000000000000000000000000000000000000000000000000000000001111111111111111111
111111111111111111111111111111111111111111111111111111111111111110000000000000000000000000000000000000000000000000000000000000000001111111111111111111
111111111111111111111111111111111111111111111111111111111111111110000000000000000000000000000000000000000000000000000000000000000001111111111111111111
111111111111111111111111111111111111111111111111111111111111111100000000000000000000000000000000000000000000000000000000000000000001111111111111111111
111111111111111111111111111111111111111111111111111111111111111000000000000000000000000000000000000000000000000000000000000000000001111111111111111111
111111111111111111111111111111111111111111111111111111111111111000000000000000000000000000000000000000000000000000000000000000000001111111111111111111
111111111111111111111111111111111111111111111111111111111111110000000000000000000000000000000000000000000000000000000000000000000001111111111111111111
111111111111111111111111111111111111111111111111111111111111100000000000000000000000000000000000000000000000000000000000000000000001111111111111111111
111111111111111111111111111111111111111111111111111111111111100000000000000000000000000000000000000000000000000000000000000000000001111111111111111111
111111111111111111111111111111111111111111111111111111111111000000000000000000000000000000000000000000000000000000000000000000000001111111111111111111
111111111111111111111111111111111111111111111111111111111110000000000000000000000000000000000000000000000000000000000000000000000001111111111111111111
111111111111111111111111111111111111111111111111111111111100000000000000000000000000000000000000000000000000000000000000000000000001111111111111111111
111111111111111111111111111111111111111111111111111111111000000000000000000000000000000000000000000000000000000000000000000000000001111111111111111111
111111111111111111111111111111111111111111111111111111111000000000000000000000000000000000000000000000000000000000000000000000000001111111111111111111
111111111111111111111111111111111111111111111111111111110000000000000000000000000000000000000000000000000000000000000000000000000001111111111111111111
111111111111111111111111111111111111111111111111111111100000000000000000000000000000000000000000000000000000000000000000000000000001111111111111111111
111111111111111111111111111111111111111111111111111111000000000000000000000000000000000000000000000000000000000000000000000000000001111111111111111111
111111111111111111111111111111111111111111111111111111000000000000000000000000000000000000000000000000000000000000000000000000000001111111111111111111
111111111111111111111111111111111111111111111111111110000000000000000000000000000000000000000000000000000000000000000000000000000001111111111111111111
111111111111111111111111111111111111111111111111111110000000000000000000000000000000000000000000000000000000000000000000000000000001111111111111111111
111111111111111111111111111111111111111111111111111110000000000000000000000000000000000000000000000000000000000000000000000000000001111111111111111111
111111111111111111111111111111111111111111111111111100000000000000000000000000000000000000000000000000000000000000000000000000000001111111111111111111
111111111111111111111111111111111111111111111111111100000000000000000000000000000000000000000000000000000000000000000000000000000001111111111111111111
111111111111111111111111111111111111111111111111111000000000000000000000000000000000000000000000000000000000000000000000000000000001111111111111111111
111111111111111111111111111111111111111111111111111000000000000000000000000000000000000000000000000000000000000000000000000000000001111111111111111111
111111111111111111111111111111111111111111111111110000000000000000000000000000000000000000000000000000000000000000000000000000000001111111111111111111
111111111111111111111111111111111111111111111111110000000000000000000000000000000000000000000000000000000000000000000000000000000001111111111111111111
111111111111111111111111111111111111111111111111100000000000000000000000000000000000000000000000000000000000000000000000000000000001111111111111111111
111111111111111111111111111111111111111111111111100000000000000000000000000000000000000000000000000000000000000000000000000000000001111111111111111111
111111111111111111111111111111111111111111111111100000000000000000000000000000000000000000000000000000000000000000000000000000000001111111111111111111
111111111111111111111111111111111111111111111111100000000000000000000000000000000000000000000000000000000000000000000000000000000001111111111111111111
111111111111111111111111111111111111111111111111000000000000000000000000000000000000000000000000000000000000000000000000000000000001111111111111111111
111111111111111111111111111111111111111111111111000000000000000000000000000000000000000000000000000000000000000000000000000000000011111111111111111111
111111111111111111111111111111111111111111111111000000000000000000000000000000000000000000000000000000000000000000000000000000000001111111111111111111
111111111111111111111111111111111111111111111111000000000000000000000000000000000000000000000000000000000000000000000000000000000001111111111111111111
111111111111111111111111111111111111111111111111000000000000000000000000000000000000000000000000000000000000000000000000000000000001111111111111111111
111111111111111111111111111111111111111111111110000000000000000000000000000000000000000000000000000000000000000000000000000000000001111111111111111111
111111111111111111111111111111111111111111111110000000000000000000000000000000000000000000000000000000000000000000000000000000000001111111111111111111
111111111111111111111111111111111111111111111110000000000000000000000000000000000000000000000000000000000000000000000000000000000001111111111111111111
111111111111111111111111111111111111111111111110000000000000000000000000000000000000000000000000000000000000000000000000000000000001111111111111111111
111111111111111111111111111111111111111111111110000000000000000000000000000000000000000000000000000000000000000000000000000000000001111111111111111111
111111111111111111111111111111111111111111111100000000000000000000000000000000000000000000000000000000000000000000000000000000000001111111111111111111
111111111111111111111111111111111111111111111100000000000000000000000000000000000000000000000000000000000000000000000000000000000001111111111111111111
111111111111111111111111111111111111111111111000000000000000000000000000000000000000000000000000000000000000000000000000000000000011111111111111111111
111111111111111111111111111111111111111111111000000000000000000000000000000000000000000000000000000000000000000000000000000000000001111111111111111111
111111111111111111111111111111111111111111111000000000000000000000000000000000000000000000000000000000000000000000000000000000000001111111111111111111
111111111111111111111111111111111111111111111000000000000000000000000000000000000000000000000000000000000000000000000000000000000001111111111111111111
111111111111111111111111111111111111111111111000000000000000000000000000000000000000000000000000000000000000000000000000000000000001111111111111111111
111111111111111111111111111111111111111111111000000000000000000000000000000000000000000000000000000000000000000000000000000000000001111111111111111111
111111111111111111111111111111111111111111111000000000000000000000000000000000000000000000000000000000000000000000000000000000000001111111111111111111
111111111111111111111111111111111111111111111000000000000000000000000000000000000000000000000000000000000000000000000000000000000001111111111111111111
111111111111111111111111111111111111111111110000000000000000000000000000000000000000000000000000000000000000000000000000000000000001111111111111111111
111111111111111111111111111111111111111111110000000000000000000000000000000000000000000000000000000000000000000000000000000000000001111111111111111111
111111111111111111111111111111111111111111110000000000000000000000000000000000000000000000000000000000000000000000000000000000000001111111111111111111
111111111111111111111111111111111111111111110000000000000000000000000000000000000000000000000000000000000000000000000000000000000001111111111111111111
111111111111111111111111111111111111111111100000000000000000000000000000000000000000000000000000000000000000000000000000000000000001111111111111111111
111111111111111111111111111111111111111111100000000000000000000000000000000000000000000000000000000000000000000000000000000000000001111111111111111111
111111111111111111111111111111111111111111100000000000000000000000000000000000000000000000000000000000000000000000000000000000000001111111111111111111
111111111111111111111111111111111111111111100000000000000000000000000000000000000000000000000000000000000000000000000000000000000001111111111111111111
111111111111111111111111111111111111111111100000000000000000000000000000000000000000000000000000000000000000000000000000000000000001111111111111111111
111111111111111111111111111111111111111111000000000000000000000000000000000000000000000000000000000000000000000000000000000000000001111111111111111111
111111111111111111111111111111111111111111000000000000000000000000000000000000000000000000000000000000000000000000000000000000000001111111111111111111
111111111111111111111111111111111111111111000000000000000000000000000000000000000000000000000000000000000000000000000000000000000001111111111111111111
111111111111111111111111111111111111111111000000000000000000000000000000000000000000000000000000000000000000000000000000000000000011111111111111111111
111111111111111111111111111111111111111110000000000000000000000000000000000000000000000000000000000000000000000000000000000000000011111111111111111111
111111111111111111111111111111111111111110000000000000000000000000000000000000000000000000000000000000000000000000000000000000000011111111111111111111
111111111111111111111111111111111111111110000000000000000000000000000000000000000000000000000000000000000000000000000000000000000001111111111111111111
111111111111111111111111111111111111111110000000000000000000000000000000000000000000000000000000000000000000000000000000000000000001111111111111111111
111111111111111111111111111111111111111110000000000000000000000000000000000000000000000000000000000000000000000000000000000000000001111111111111111111
111111111111111111111111111111111111111110000000000000000000000000000000000000000000000000000000000000000000000000000000000000000001111111111111111111
111111111111111111111111111111111111111100000000000000000000000000000000000000000000000000000000000000000000000000000000000000000001111111111111111111
111111111111111111111111111111111111111100000000000000000000000000000000000000000000000000000000000000000000000000000000000000000001111111111111111111
111111111111111111111111111111111111111100000000000000000000000000000000000000000000000000000000000000000000000000000000000000000011111111111111111111
111111111111111111111111111111111111111100000000000000000000000000000000000000000000000000000000000000000000000000000000000000000011111111111111111111
111111111111111111111111111111111111111100000000000000000000000000000000000000000000000000000000000000000000000000000000000000000011111111111111111111
111111111111111111111111111111111111111100000000000000000000000000000000000000000000000000000000000000000000000000000000000000000011111111111111111111
111111111111111111111111111111111111111100000000000000000000000000000000000000000000000000000000000000000000000000000000000000000011111111111111111111
111111111111111111111111111111111111111100000000000000000000000000000000000000000000000000000000000000000000000000000000000000000011111111111111111111
111111111111111111111111111111111111111100000000000000000000000000000000000000000000000000000000000000000000000000000000000000000011111111111111111111
111111111111111111111111111111111111111100000000000000000000000000000000000000000000000000000000000000000000000000000000000000000011111111111111111111
111111111111111111111111111111111111111100000000000000000000000000000000000000000000000000000000000000000000000000000000000000000011111111111111111111
111111111111111111111111111111111111111100000000000000000000000000000000000000000000000000000000000000000000000000000000000000000011111111111111111111
111111111111111111111111111111111111111100000000000000000000000000000000000000000000000000000000000000000000000000000000000000000011111111111111111111
111111111111111111111111111111111111111100000000000000000000000000000000000000000000000000000000000000000000000000000000000000000011111111111111111111
111111111111111111111111111111111111111100000000000000000000000000000000000000000000000000000000000000000000000000000000000000000011111111111111111111
111111111111111111111111111111111111111100000000000000000000000000000000000000000000000000000000000000000000000000000000000000000011111111111111111111
111111111111111111111111111111111111111100000000000000000000000000000000000000000000000000000000000000000000000000000000000000000011111111111111111111
111111111111111111111111111111111111111110000000000000000000000000000000000000000000000000000000000000000000000000000000000000000011111111111111111111
111111111111111111111111111111111111111110000000000000000000000000000000000000000000000000000000000000000000000000000000000000000011111111111111111111
111111111111111111111111111111111111111110000000000000000000000000000000000000000000000000000000000000000000000000000000000000000011111111111111111111
111111111111111111111111111111111111111110000000000000000000000000000000000000000000000000000000000000000000000000000000000000000011111111111111111111
111111111111111111111111111111111111111110000000000000000000000000000000000000000000000000000000000000000000000000000000000000000001111111111111111111
111111111111111111111111111111111111111100000000000000000000000000000000000000000000000000000000000000000000000000000000000000000011111111111111111111
111111111111111111111111111111111111111100000000000000000000000000000000000000000000000000000000000000000000000000000000000000000011111111111111111111
111111111111111111111111111111111111111110000000000000000000000000000000000000000000000000000000000000000000000000000000000000000011111111111111111111
111111111111111111111111111111111111111110000000000000000000000000000000000000000000000000000000000000000000000000000000000000000011111111111111111111
111111111111111111111111111111111111111110000000000000000000000000000000000000000000000000000000000000000000000000000000000000000011111111111111111111
111111111111111111111111111111111111111110000000000000000000000000000000000000000000000000000000000000000000000000000000000000000011111111111111111111
111111111111111111111111111111111111111110000000000000000000000000000000000000000000000000000000000000000000000000000000000000000011111111111111111111
111111111111111111111111111111111111111110000000000000000000000000000000000000000000000000000000000000000000000000000000000000000011111111111111111111
111111111111111111111111111111111111111110000000000000000000000000000000000000000000000000000000000000000000000000000000000000000011111111111111111111
111111111111111111111111111111111111111110000000000000000000000000000000000000000000000000000000000000000000000000000000000000000001111111111111111111
111111111111111111111111111111111111111111000000000000000000000000000000000000000000000000000000000000000000000000000000000000000001111111111111111111
111111111111111111111111111111111111111111000000000000000000000000000000000000000000000000000000000000000000000000000000000000000011111111111111111111
111111111111111111111111111111111111111111000000000000000000000000000000000000000000000000000000000000000000000000000000000000000011111111111111111111
111111111111111111111111111111111111111111000000000000000000000000000000000000000000000000000000000000000000000000000000000000000011111111111111111111
111111111111111111111111111111111111111111000000000000000000000000000000000000000000000000000000000000000000000000000000000000000011111111111111111111
111111111111111111111111111111111111111111000000000000000000000000000000000000000000000000000000000000000000000000000000000000000011111111111111111111
111111111111111111111111111111111111111111000000000000000000000000000000000000000000000000000000000000000000000000000000000000000011111111111111111111
111111111111111111111111111111111111111111000000000000000000000000000000000000000000000000000000000000000000000000000000000000000011111111111111111111
111111111111111111111111111111111111111111000000000000000000000000000000000000000000000000000000000000000000000000000000000000000011111111111111111111
111111111111111111111111111111111111111111000000000000000000000000000000000000000000000000000000000000000000000000000000000000000011111111111111111111
111111111111111111111111111111111111111111100000000000000000000000000000000000000000000000000000000000000000000000000000000000000011111111111111111111
111111111111111111111111111111111111111111100000000000000000000000000000000000000000000000000000000000000000000000000000000000000011111111111111111111
111111111111111111111111111111111111111111100000000000000000000000000000000000000000000000000000000000000000000000000000000000000011111111111111111111
111111111111111111111111111111111111111111100000000000000000000000000000000000000000000000000000000000000000000000000000000000000011111111111111111111
111111111111111111111111111111111111111111100000000000000000000000000000000000000000000000000000000000000000000000000000000000000011111111111111111111
111111111111111111111111111111111111111111110000000000000000000000000000000000000000000000000000000000000000000000000000000000000011111111111111111111
111111111111111111111111111111111111111111110000000000000000000000000000000000000000000000000000000000000000000000000000000000000011111111111111111111
111111111111111111111111111111111111111111110000000000000000000000000000000000000000000000000000000000000000000000000000000000000011111111111111111111
111111111111111111111111111111111111111111110000000000000000000000000000000000000000000000000000000000000000000000000000000000000011111111111111111111
111111111111111111111111111111111111111111111000000000000000000000000000000000000000000000000000000000000000000000000000000000000011111111111111111111
111111111111111111111111111111111111111111111000000000000000000000000000000000000000000000000000000000000000000000000000000000000011111111111111111111
111111111111111111111111111111111111111111111000000000000000000000000000000000000000000000000000000000000000000000000000000000000011111111111111111111
111111111111111111111111111111111111111111111000000000000000000000000000000000000000000000000000000000000000000000000000000000000011111111111111111111
111111111111111111111111111111111111111111111000000000000000000000000000000000000000000000000000000000000000000000000000000000000011111111111111111111
111111111111111111111111111111111111111111111000000000000000000000000000000000000000000000000000000000000000000000000000000000000011111111111111111111
111111111111111111111111111111111111111111111100000000000000000000000000000000000000000000000000000000000000000000000000000000000011111111111111111111
111111111111111111111111111111111111111111111100000000000000000000000000000000000000000000000000000000000000000000000000000000000011111111111111111111
111111111111111111111111111111111111111111111100000000000000000000000000000000000000000000000000000000000000000000000000000000000011111111111111111111
111111111111111111111111111111111111111111111100000000000000000000000000000000000000000000000000000000000000000000000000000000000011111111111111111111
111111111111111111111111111111111111111111111110000000000000000000000000000000000000000000000000000000000000000000000000000000000011111111111111111111
111111111111111111111111111111111111111111111110000000000000000000000000000000000000000000000000000000000000000000000000000000000011111111111111111111
111111111111111111111111111111111111111111111110000000000000000000000000000000000000000000000000000000000000000000000000000000000011111111111111111111
111111111111111111111111111111111111111111111110000000000000000000000000000000000000000000000000000000000000000000000000000000000011111111111111111111
111111111111111111111111111111111111111111111111000000000000000000000000000000000000000000000000000000000000000000000000000000000011111111111111111111
111111111111111111111111111111111111111111111111000000000000000000000000000000000000000000000000000000000000000000000000000000000011111111111111111111
111111111111111111111111111111111111111111111111000000000000000000000000000000000000000000000000000000000000000000000000000000000011111111111111111111
111111111111111111111111111111111111111111111111000000000000000000000000000000000000000000000000000000000000000000000000000000000011111111111111111111
111111111111111111111111111111111111111111111111100000000000000000000000000000000000000000000000000000000000000000000000000000000011111111111111111111
111111111111111111111111111111111111111111111111100000000000000000000000000000000000000000000000000000000000000000000000000000000011111111111111111111
111111111111111111111111111111111111111111111111100000000000000000000000000000000000000000000000000000000000000000000000000000000011111111111111111111
111111111111111111111111111111111111111111111111100000000000000000000000000000000000000000000000000000000000000000000000000000000001111111111111111111
111111111111111111111111111111111111111111111111110000000000000000000000000000000000000000000000000000000000000000000000000000000001111111111111111111
111111111111111111111111111111111111111111111111110000000000000000000000000000000000000000000000000000000000000000000000000000000001111111111111111111
111111111111111111111111111111111111111111111111110000000000000000000000000000000000000000000000000000000000000000000000000000000000111111111111111111
111111111111111111111111111111111111111111111111110000000000000000000000000000000000000000000000000000000000000000000000000000000000111111111111111111
111111111111111111111111111111111111111111111111111000000000000000000000000000000000000000000000000000000000000000000000000000000000011111111111111111
111111111111111111111111111111111111111111111111111000000000000000000000000000000000000000000000000000000000000000000000000000000000011111111111111111
111111111111111111111111111111111111111111111111111100000000000000000000000000000000000000000000000000000000000000000000000000000000001111111111111111
111111111111111111111111111111111111111111111111111100000000000000000000000000000000000000000000000000000000000000000000000000000000001111111111111111
111111111111111111111111111111111111111111111111111110000000000000000000000000000000000000000000000000000000000000000000000000000000001111111111111111
111111111111111111111111111111111111111111111111111110000000000000000000000000000000000000000000000000000000000000000000000000000000001111111111111111
111111111111111111111111111111111111111111111111111111000000000000000000000000000000000000000000000000000000000000000000000000000000001111111111111111
111111111111111111111111111111111111111111111111111111000000000000000000000000000000000000000000000000000000000000000000000000000000001111111111111111
111111111111111111111111111111111111111111111111111111100000000000000000000000000000000000000000000000000000000000000000000000000000000111111111111111
111111111111111111111111111111111111111111111111111111100000000000000000000000000000000000000000000000000000000000000000000000000000001111111111111111
111111111111111111111111111111111111111111111111111111100000000000000000000000000000000000000000000000000000000000000000000000000000000111111111111111
111111111111111111111111111111111111111111111111111111110000000000000000000000000000000000000000000000000000000000000000000000000000000111111111111111
111111111111111111111111111111111111111111111111111111110000000000000000000000000000000000000000000000000000000000000000000000000000000111111111111111
111111111111111111111111111111111111111111111111111111110000000000000000000000000000000000000000000000000000000000000000000000000000000111111111111111
111111111111111111111111111111111111111111111111111111111000000000000000000000000000000000000000000000000000000000000000000000000000000111111111111111
111111111111111111111111111111111111111111111111111111111100000000000000000000000000000000000000000000000000000000000000000000000000000111111111111111
111111111111111111111111111111111111111111111111111111111100000000000000000000000000000000000000000000000000000000000000000000000000001111111111111111
111111111111111111111111111111111111111111111111111111111100000000000000000000000000000000000000000000000000000000000000000000000000001111111111111111
111111111111111111111111111111111111111111111111111111111110000000000000000000000000000000000000000000000000000000000000000000000000000111111111111111
111111111111111111111111111111111111111111111111111111111110000000000000000000000000000000000000000000000000000000000000000000000000001111111111111111
111111111111111111111111111111111111111111111111111111111111000000000000000000000000000000000000000000000000000000000000000000000000001111111111111111
111111111111111111111111111111111111111111111111111111111111100000000000000000000000000000000000000000000000000000000000000000000000011111111111111111
111111111111111111111111111111111111111111111111111111111111110000000000000000000000000000000000000000000000000000000000000000000000011111111111111111
111111111111111111111111111111111111111111111111111111111111110000000000000000000000000000000000000000000000000000000000000000000000111111111111111111
111111111111111111111111111111111111111111111111111111111111111000000000000000000000000000000000000000000000000000000000000000000000111111111111111111
111111111111111111111111111111111111111111111111111111111111111100000000000000000000000000000000000000000000000000000000000000000001111111111111111111
111111111111111111111111111111111111111111111111111111111111111110000000000000000000000000000000000000000000000000000000000000000001111111111111111111
111111111111111111111111111111111111111111111111111111111111111110000000000000000000000000000000000000000000000000000000000000000011111111111111111111
111111111111111111111111111111111111111111111111111111111111111111000000000000000000000000000000000000000000000000000000000000000001111111111111111111
111111111111111111111111111111111111111111111111111111111111111111000000000000000000000000000000000000000000000000000000000000000001111111111111111111
111111111111111111111111111111111111111111111111111111111111111111100000000000000000000000000000000000000000000000000000000000000001111111111111111111
111111111111111111111111111111111111111111111111111111111111111111100000000000000000000000000000000000000000000000000000000000000011111111111111111111
111111111111111111111111111111111111111111111111111111111111111111100000000000000000000000000000000000000000000000000000000000000011111111111111111111
111111111111111111111111111111111111111111111111111111111111111111110000000000000000000000000000000000000000000000000000000000000011111111111111111111
111111111111111111111111111111111111111111111111111111111111111111110000000000000000000000000000000000000000000000000000000000000011111111111111111111
111111111111111111111111111111111111111111111111111111111111111111110000000000000000000000000000000000000000000000000000000000000011111111111111111111
111111111111111111111111111111111111111111111111111111111111111111110000000000000000000000000000000000000000000000000000000000000011111111111111111111
111111111111111111111111111111111111111111111111111111111111111111110000000000000000000000000000000000000000000000000000000000000011111111111111111111
111111111111111111111111111111111111111111111111111111111111111111100000000000000000000000000000000000000000000000000000000000000011111111111111111111
111111111111111111111111111111111111111111111111111111111111111111100011100000000000000000000000000000000000000000000000000000000011111111111111111111
111111111111111111111111111111111111111111111111111111111111111111110011110000000000000000000000000000000000000000000000000000000001111111111111111111
111111111111111111111111111111111111111111111111111111111111111111110011110000000000000000000000000000000000000000000000000000000011111111111111111111
111111111111111111111111111111111111111111111111111111111111111111110011111000000000000000000000000000000000000000000000000000000111111111111111111111
111111111111111111111111111111111111111111111111111111111111111111110011111000000000000000000000000000000000000000000000000011111111111111111111111111
111111111111111111111111111111111111111111111111111111111111111111110011111100000000000000000000000000000000000000000000001111111111111111111111111111
111111111111111111111111111111111111111111111111111111111111111111110001111100000000000000000000000000000000000000000100011111111111111111111111111111
111111111111111111111111111111111111111111111111111111111111111111110001111100000000000000000000000000000000000000000111111111111111111111111111111111
111111111111111111111111111111111111111111111111111111111111111111110001111100000000000000000000000000000000000000011111111111111111111111111111111111
111111111111111111111111111111111111111111111111111111111111111111110000111100000000000000000000000000000000000000111111111111111111111111111111111111
111111111111111111111111111111111111111111111111111111111111111111110000111100000000000000000000000000000000001111111111111111111111111111111111111111
111111111111111111111111111111111111111111111111111111111111111111100000110000000000000000000000000000000000011111111111111111111111111111111111111111
111111111111111111111111111111111111111111111111111111111111111111100011110000000000000000000000000000000001111111111111111111111111111111111111111111
111111111111111111111111111111111111111111111111111111111111111111100111110000000000000000000000000000000011111111111111111111111111111111111111111111
111111111111111111111111111111111111111111111111111111111111111111111111111000000000000000000000000000000111111111111111111111111111111111111111111111
111111111111111111111111111111111111111111111111111111111111111111111111111000000000000000000000000000011111111111111111111111111111111111111111111111
111111111111111111111111111111111111111111111111111111111111111111111111111000000000000000000000000000111111111111111111111111111111111111111111111111
111111111111111111111111111111111111111111111111111111111111111111111111110000000000000000000000000011111111111111111111111111111111111111111111111111
111111111111111111111111111111111111111111111111111111111111111111111111110000000000000000011111111111111111111111111111111111111111111111111111111111
111111111111111111111111111111111111111111111111111111111111111111111111111110001111111111111111111111111111111111111111111111111111111111111111111111
111111111111111111111111111111111111111111111111111111111111111111111111111111111111111111111111111111111111111111111111111111111111111111111111111111
111111111111111111111111111111111111111111111111111111111111111111111111111111111111111111111111111111111111111111111111111111111111111111111111111111
111111111111111111111111111111111111111111111111111111111111111111111111111111111111111111111111111111111111111111111111111111111111111111111111111111
111111111111111111111111111111111111111111111111111111111111111111111111111111111111111111111111111111111111111111111111111111111111111111111111111111
111111111111111111111111111111111111111111111111111111111111111111111111111111111111111111111111111111111111111111111111111111111111111111111111111111
111111111111111111111111111111111111111111111111111111111111111111111111111111111111111111111111111111111111111111111111111111111111111111111111111111
111111111111111111111111111111111111111111111111111111111111111111111111111111111111111111111111111111111111111111111111111111111111111111111111111111
111111111111111111111111111111111111111111111111111111111111111111111111111111111111111111111111111111111111111111111111111111111111111111111111111111
111111111111111111111111111111111111111111111111111111111111111111111111111111111111111111111111111111111111111111111111111111111111111111111111111111
111111111111111111111111111111111111111111111111111111111111111111111111111111111111111111111111111111111111111111111111111111111111111111111111111111
111111111111111111111111111111111111111111111111111111111111111111111111111111111111111111111111111111111111111111111111111111111111111111111111111111
111111111111111111111111111111111111111111111111111111111111111111111111111111111111111111111111111111111111111111111111111111111111111111111111111111
